504
192
4029
3084
1158
3085
3894
1810
3895
3087
3092
1936
5247
5248
3896
2282
5469
109
1327
110
8891
2231
139
190
3265
4078
31
32
33
819
287
1283
6193
24045
3899
2
3
4
6384
2975
530
380
11477
4517
514
1370
7071
10297
1813
12052
854
17752
17753
7450
7453
20828
1038
4173
349
3197
12833
8595
8596
8597
4818
9235
9236
52
5149
1100
2713
820
521
1062
1064
19587
19588
19589
3490
3491
6637
140252
3416
29383
7301
7302
7303
934
73421
935
5294
84292
119589
587506
130640
226366
1892
1003
524
64
996701
18999
781
821
1190668
505710
933238
6968
1119730
1677375
70124
48048
3005
1930558
1979
5168
9045
4110
4111
4112
33161
78423
1939095
24366
20030
27643
13848
14027
14438
4070
7683
4139
10205
5047
4959
4958
4765
13852
2913936
134
27319
8349
8351
8354
529
532
670
72754
60074
650
652
1208682
3112841
2039294
678
8196
8197
8252
8629
8630
3223
16828
74568
2090
14562
14563
543505
10922
2896
10921
10409
10410
14028
10206
2712
19119
1193391
258
4589
1164
3999
4000
12446
862
3088
16851
550843
82191
12898
7167
516
2155
103
2461
2462
1957
920
5228
5229
2157
880
622
20330
20331
1545693
225730
1369100
1668610
70131
34374
52763
85519
53674
4512
4513
13294
13295
8857
2084595
2084596
2084597
93407
93408
93409
9560
7499
6161
3234
206
204
205
92572
448
824
245
246
247
34375
34376
1037
3129
147
11390
12248
5401
3151
4090
4091
77498
84573
88592
2037
5081
2638
2639
2091
1159
1160
40
7664
11029
14974
13566
1003260
3494649
45152
5729
5730
8654
2059
7132
2405
2406
2407
5576
68812
290
80676
56890
2264
2272
8488
8487
8489
2637069
2637071
2637073
3636
4135
8606
62
4566
7674
738
656
52764
52766
52768
74
75
73
976
1116
146750
1332971
2983
42416
42417
42419
1179651
1254614
87932
1036
183207
14948
39952
1046204
1756851
14276
21007
234352
932967
1817
3150
3149
19426
63378
39187
34546
12147
12149
12150
350
11315
3380
10606
3361
11856
17142
18916
500
1525043
4783
4784
4785
4430
70132
70133
9640
3051
16970
16972
16971
193
3810
2176
6856
65827
11065
228
140
2535
19020
14517
70811
13565
16896
4786
10722
8930
10713
13
14
12
131
19492
533325
12670
20338
7451
5049
10774
7124
7125
6450
6593
10538
11492
8725
980
973
974
1331
9029
69310
93647
93648
56322
1903874
3020876
14702
3910
57755
6807
3061
1125
9012
10018
17881
80591
4690
3905
884
33192
2524
1733
1136406
71580
74308
74309
10980
10990
10989
55662
55664
55663
6885
3292
87389
110696
2125647
17288
1267329
10017
10020
10021
569
1146
571
31070
31071
585
586
8789
37625
65731
4937
10882
41686
2692
20738
69378
69379
4935
7056
14434
14435
1230
7904
7905
19803
141455
3096
8635
14417
14419
6355
3037
9857
14920
10530
449
17276
24264
10872
65
7962
1233
22
15385
12726
1077537
220692
228714
8741
6657
8742
19498
30210
4113
97546
86077
71090
33135
134307
95504
1464650
2387
16483
3094
4521
1229
1231
2201
6656
6649
60073
1277188
11148
2232
53714
1896
2598
6952
5293
13022
1925
5418
5419
649
85
114
116
85720
1620961
4504267
11589
11590
11591
13578
13576
13580
37366
21736
3872
59315
29903
9066
9068
9070
8977
18686
59361
3033
741
3034
1205
20376
5823
7331
123664
1537768
75913
93390
1255130
93389
2491
2492
2493
46593
4726
227
39953
140996
557864
1532
1533
1534
8515
8516
12835
116027
4491
263
259
3359
3360
12950
8962
54693
18997
30155
30156
15827
15829
5048
2630
923
35782
150471
545084
